1.467648222887000084e+09
1.467648222980999947e+09
1.467648223061000109e+09
1.467648223111000061e+09
1.467648223171000004e+09
1.467648223210999966e+09
1.467648223240999937e+09
1.467648223273000002e+09
1.467648223315999985e+09
1.467648223358000040e+09
1.467648223398000002e+09
1.467648223440000057e+09
1.467648223479000092e+09
1.467648223519999981e+09
1.467648223561000109e+09
1.467648223602999926e+09
1.467648223644000053e+09
1.467648223686000109e+09
1.467648223726999998e+09
1.467648223767999887e+09
1.467648223808000088e+09
1.467648223842000008e+09
1.467648223875999928e+09
1.467648223917000055e+09
1.467648223950999975e+09
1.467648223986000061e+09
1.467648224075999975e+09
1.467648224108999968e+09
1.467648224142999887e+09
1.467648224203999996e+09
1.467648224237999916e+09
1.467648224272000074e+09
1.467648224305000067e+09
1.467648224338999987e+09
1.467648224372999907e+09
1.467648224404999971e+09
1.467648224440999985e+09
1.467648224474999905e+09
1.467648224515000105e+09
1.467648224556999922e+09
1.467648224596999884e+09
1.467648224637000084e+09
1.467648224677000046e+09
1.467648224719000101e+09
1.467648224759000063e+09
1.467648224799999952e+09
1.467648224838999987e+09
1.467648224880000114e+09
1.467648224920000076e+09
1.467648224960000038e+09
1.467648225000000000e+09
1.467648225039000034e+09
1.467648225078000069e+09
1.467648225217000008e+09
1.467648225257999897e+09
1.467648225298000097e+09
1.467648225338000059e+09
1.467648225377000093e+09
1.467648225417000055e+09
1.467648225457999945e+09
1.467648225500000000e+09
1.467648225540999889e+09
1.467648225581000090e+09
1.467648225621000051e+09
1.467648225655999899e+09
1.467648225687999964e+09
1.467648225719000101e+09
1.467648225753999949e+09
1.467648225783999920e+09
1.467648225815999985e+09
1.467648225854000092e+09
1.467648225885999918e+09
1.467648225915999889e+09
1.467648225948999882e+09
1.467648225980999947e+09
1.467648226019999981e+09
1.467648226062000036e+09
1.467648226108000040e+09
1.467648226141000032e+09
1.467648226173000097e+09
1.467648226220999956e+09
1.467648226354000092e+09
1.467648226388999939e+09
1.467648226420000076e+09
1.467648226451999903e+09
1.467648226482000113e+09
1.467648226516999960e+09
1.467648226549000025e+09
1.467648226578000069e+09
1.467648226607000113e+09
1.467648226637000084e+09
1.467648226670000076e+09
1.467648226703000069e+09
1.467648226736000061e+09
1.467648226780999899e+09
1.467648226816999912e+09
1.467648226861000061e+09
1.467648226892999887e+09
1.467648226924999952e+09
1.467648226957000017e+09
1.467648226986000061e+09
1.467648227016999960e+09
1.467648227046000004e+09
1.467648227085999966e+09
1.467648227115999937e+09
1.467648227157999992e+09
1.467648227201999903e+09
1.467648227253000021e+09
1.467648227286000013e+09
1.467648227315000057e+09
1.467648227346999884e+09
1.467648227480999947e+09
